11001110101011011010110011001011101010101100100111001000100101111010011011010101101110101011011010110111110011001010101010110101101010111101100010000110110011101010111110101111101011111011011110101111101011111010111110101111101011111010111110010101
1100111010101101101011001100101110101010110010011100100010010111101001101101010110101101110111001010101111010000111110111101011011010101110011111011011110101010110010111010101011001011101011001100111110010101
1100111010101101101011001100101110101010110010011100100010010111101001101101010110101101110111001010101111010000111110111101011011010101110011011010110011001100110010101101011110101111101011111010111110101111101011111010111110010101
11001110101011011010110011001011101010101100100111001000100101111010011011010101101110101011011010110111110011001010101010110101101010111101100010000110110011101010111110101111101011111011011110101111101011111010111110101111101011111010111110010101
1100111010101101101011001100101110101010110010011100100010010111101001101101010110101101110111001010101111010000111110111101011011010101110011011010111110101111101011111011011110101111101011111010111110101111101011111010111110010101
11001110101011011010110011001011101010101100100111001000100101111010011011010101101110101011011010110111110011001010101010110101101010111101100010000110110011101010111110101111101011111011011110101111101011111010111110101111101011111010111110010101
110011101010110110101100110010111010101011001001110010001001011110100110110101011010110111011100101010111101000011111011110101101101010111001101101011111011011110101111101011111010111110101111101011111010111110010101
1100111010011111100111101001011110011101100111001100101110010110110011111001011110000110101110011011010111010100110011001010101010110110101010111110101110000110110011101001111110011111100111111000010010101111100111111001111110011111100111111001111110100000
1100111010011111100111101001011110011101100111001100101110010110110011111001011110000110101011011110111110101011111000111010110111100101101101101100011110011100110010111001100010101000101010101100110011001011100101111001100010101010110010011101010010101111100111111001111110011111100111111001111110100000
1100111010011111100111101001011110011101100111001100101110010110110011111001011110000110101110011011010111010100110011001010101010110110101010111110101110000110110011101001111110011111100111111000010010101111100111111001111110011111100111111001111110100000
11001110100111111001111010010111100111011001110011001011100101101100111110010111100001101010110111101111101010111110001110101101111001011011011011001100110010101100101110011100110010101100101110011100110010101100101110011100110010101101010010101111100111111001111110011111100111111001111110100000
110011101001111110011110100101111001110110011100110010111001011011001111100101111000011010101101111011111010101111100011101011011110010110110110110010101100101011001011100111001100101110011010110011001101010010101111100111111001111110011111100111111001111110100000
110011101001111110011110100101111001110110011100110010111001011011001111100101111000011010101101111011111010101111100011101011011110010110110110110011001100101110011010110010101100110011001011100110101100101110011011100111001100101011001011100111001101010010101111100111111001111110011111100111111001111110100000
11001110100111111001111010010111100111011001110011001011100101101100111110010111100001101010110111101111101010111110001110101101111001011011011011001100110010111001101011001011100111001100101011001011100111001100110011001011100110101101010010101111100111111001111110011111100111111001111110100000
11001110100111111001111010010111100111011001110011001011100101101100111110010111100001101010110111101111101010111110001110101101111001011011011011001010110010111001100111001010110010111001100111001010110010111001100111001010110010111000010010101111100111111001111110011111100111111001111110100000
11001110100111111001111010010111100111011001110011001011100101101100111110010111100001101010110111101111101010111110001110101101111001011011011011001010110010111001100111001010110010111001100111001010110010111001100111001010110010111000010010101111100111111001111110011111100111111001111110100000
11001110100111111001111010010111100111011001110011001011100101101100111110010111100001101010110111101111101010111110001110101101111001011011011011001010110010111001100111001010110010111001100111001010110010111000010010101111100111111001111110011111100111111001111110100000
1100111010011111100111101001011110011101100111001100101110010110110011111001011110000110101011011110111110101011111000111010110111100101101101101100101110011010110010011100101110011010110010011100101110011010110010011100101110011010110010011101010010101111100111111001111110011111100111111001111110100000
110011101001111110011110100101111001110110011100110010111001011011001111100101111000011010101101111011111010101111100011101011011110010110110110110010111001101011001001110001101100011011000110110001101100011011000110110001101101010010101111100111111001111110011111100111111001111110100000
1100111010011111100111101001011110011101100111001100101110010110110011111001011110000110101011011110111110101011111000111010110111100101101101101100011011000110110001101100011011000110110001101100011011000110110001101101010010101111100111111001111110011111100111111001111110100000
11001110100111111001111010010111100111011001110011001011100101101100111110010111100001101010110111101111101010111110001110101101111001011011011011000110110001101100011011000110110001101100011011000110110001101101010010101111100111111001111110011111100111111001111110100000
